0 -1 -4
0 39 -7
0 79 -15
0 119 -45
0 159 -50
0 199 -60
0 239 -30
0 279 -26
0 319 -17
0 359 -29
0 399 -19
0 439 -18
0 479 -12
0 519 -13
0 559 -14
0 599 -12
0 639 -2
0 679 -1
0 719 0
0 759 -1
0 799 -1
0 839 -1
0 879 0
0 919 0
0 959 0
0 999 0
0 1039 0
0 1079 0
0 1119 0
0 1159 0
39 -1 -3
39 39 -2
39 79 -5
39 119 -14
39 159 -14
39 199 -16
39 239 -19
39 279 -10
39 319 -10
39 359 -8
39 399 -13
39 439 -11
39 479 -4
39 519 0
39 559 0
39 599 0
39 639 -1
39 679 -1
39 719 0
39 759 0
39 799 0
39 839 0
39 879 0
39 919 0
39 959 0
39 999 0
39 1039 0
39 1079 0
39 1119 0
39 1159 0
79 -1 0
79 39 0
79 79 -1
79 119 -2
79 159 -2
79 199 -5
79 239 -9
79 279 -4
79 319 -1
79 359 -10
79 399 -4
79 439 0
79 479 0
79 519 -1
79 559 0
79 599 0
79 639 0
79 679 0
79 719 0
79 759 0
79 799 0
79 839 0
79 879 0
79 919 0
79 959 0
79 999 0
79 1039 0
79 1079 0
79 1119 0
79 1159 0
119 -1 0
119 39 0
119 79 0
119 119 0
119 159 0
119 199 0
119 239 -2
119 279 -9
119 319 -2
119 359 -1
119 399 -3
119 439 0
119 479 0
119 519 0
119 559 0
119 599 0
119 639 0
119 679 0
119 719 0
119 759 0
119 799 0
119 839 0
119 879 0
119 919 0
119 959 0
119 999 0
119 1039 0
119 1079 0
119 1119 0
119 1159 0
159 -1 0
159 39 0
159 79 0
159 119 0
159 159 0
159 199 0
159 239 0
159 279 0
159 319 0
159 359 0
159 399 0
159 439 0
159 479 0
159 519 0
159 559 0
159 599 0
159 639 0
159 679 0
159 719 0
159 759 0
159 799 0
159 839 0
159 879 0
159 919 0
159 959 1
159 999 6
159 1039 15
159 1079 18
159 1119 11
159 1159 11
199 -1 0
199 39 0
199 79 0
199 119 0
199 159 0
199 199 0
199 239 0
199 279 0
199 319 0
199 359 0
199 399 0
199 439 0
199 479 0
199 519 0
199 559 0
199 599 0
199 639 0
199 679 4
199 719 4
199 759 2
199 799 18
199 839 33
199 879 46
199 919 44
199 959 41
199 999 36
199 1039 34
199 1079 27
199 1119 22
199 1159 19
239 -1 0
239 39 0
239 79 0
239 119 0
239 159 0
239 199 0
239 239 0
239 279 0
239 319 0
239 359 0
239 399 0
239 439 0
239 479 0
239 519 0
239 559 0
239 599 0
239 639 9
239 679 53
239 719 63
239 759 59
239 799 52
239 839 53
239 879 51
239 919 47
239 959 43
239 999 41
239 1039 37
239 1079 38
239 1119 36
239 1159 40
279 -1 0
279 39 0
279 79 0
279 119 0
279 159 0
279 199 0
279 239 0
279 279 0
279 319 0
279 359 0
279 399 1
279 439 1
279 479 2
279 519 5
279 559 5
279 599 17
279 639 63
279 679 68
279 719 66
279 759 62
279 799 63
279 839 60
279 879 57
279 919 52
279 959 54
279 999 52
279 1039 50
279 1079 47
279 1119 47
279 1159 48
319 -1 1
319 39 1
319 79 1
319 119 1
319 159 1
319 199 1
319 239 2
319 279 2
319 319 2
319 359 4
319 399 17
319 439 45
319 479 52
319 519 57
319 559 65
319 599 78
319 639 76
319 679 76
319 719 73
319 759 73
319 799 71
319 839 68
319 879 65
319 919 66
319 959 65
319 999 62
319 1039 61
319 1079 51
319 1119 49
319 1159 49
359 -1 29
359 39 17
359 79 23
359 119 35
359 159 27
359 199 30
359 239 30
359 279 32
359 319 56
359 359 48
359 399 27
359 439 54
359 479 78
359 519 86
359 559 87
359 599 86
359 639 85
359 679 86
359 719 79
359 759 84
359 799 82
359 839 76
359 879 67
359 919 68
359 959 70
359 999 64
359 1039 62
359 1079 62
359 1119 59
359 1159 58
399 -1 30
399 39 47
399 79 61
399 119 75
399 159 63
399 199 71
399 239 82
399 279 94
399 319 85
399 359 58
399 399 46
399 439 40
399 479 66
399 519 92
399 559 97
399 599 96
399 639 98
399 679 97
399 719 95
399 759 86
399 799 87
399 839 80
399 879 80
399 919 83
399 959 88
399 999 84
399 1039 82
399 1079 81
399 1119 76
399 1159 69
439 -1 43
439 39 69
439 79 88
439 119 101
439 159 103
439 199 105
439 239 105
439 279 102
439 319 79
439 359 71
439 399 81
439 439 53
439 479 69
439 519 97
439 559 104
439 599 105
439 639 104
439 679 105
439 719 105
439 759 104
439 799 99
439 839 96
439 879 96
439 919 100
439 959 97
439 999 90
439 1039 91
439 1079 91
439 1119 85
439 1159 78
479 -1 50
479 39 73
479 79 99
479 119 110
479 159 110
479 199 111
479 239 108
479 279 104
479 319 99
479 359 90
479 399 77
479 439 71
479 479 80
479 519 108
479 559 109
479 599 108
479 639 108
479 679 108
479 719 107
479 759 108
479 799 107
479 839 105
479 879 106
479 919 105
479 959 105
479 999 102
479 1039 98
479 1079 98
479 1119 94
479 1159 89
519 -1 57
519 39 74
519 79 103
519 119 115
519 159 115
519 199 111
519 239 108
519 279 105
519 319 102
519 359 100
519 399 98
519 439 85
519 479 70
519 519 95
519 559 108
519 599 110
519 639 110
519 679 110
519 719 110
519 759 110
519 799 111
519 839 110
519 879 110
519 919 110
519 959 110
519 999 108
519 1039 107
519 1079 105
519 1119 104
519 1159 98
559 -1 61
559 39 81
559 79 107
559 119 114
559 159 115
559 199 113
559 239 111
559 279 110
559 319 110
559 359 109
559 399 102
559 439 90
559 479 79
559 519 93
559 559 104
559 599 112
559 639 113
559 679 113
559 719 114
559 759 114
559 799 116
559 839 116
559 879 115
559 919 114
559 959 113
559 999 115
559 1039 112
559 1079 110
559 1119 110
559 1159 107
599 -1 79
599 39 72
599 79 87
599 119 100
599 159 113
599 199 113
599 239 113
599 279 110
599 319 101
599 359 93
599 399 86
599 439 85
599 479 92
599 519 104
599 559 113
599 599 113
599 639 115
599 679 115
599 719 117
599 759 118
599 799 118
599 839 119
599 879 118
599 919 118
599 959 117
599 999 116
599 1039 113
599 1079 111
599 1119 110
599 1159 108
639 -1 102
639 39 88
639 79 99
639 119 95
639 159 111
639 199 112
639 239 105
639 279 100
639 319 91
639 359 102
639 399 102
639 439 92
639 479 106
639 519 114
639 559 114
639 599 115
639 639 116
639 679 117
639 719 117
639 759 118
639 799 119
639 839 119
639 879 117
639 919 115
639 959 115
639 999 112
639 1039 104
639 1079 100
639 1119 95
639 1159 83
679 -1 108
679 39 106
679 79 113
679 119 114
679 159 114
679 199 114
679 239 113
679 279 105
679 319 109
679 359 114
679 399 113
679 439 107
679 479 111
679 519 116
679 559 118
679 599 118
679 639 117
679 679 116
679 719 116
679 759 115
679 799 115
679 839 114
679 879 112
679 919 114
679 959 102
679 999 90
679 1039 88
679 1079 93
679 1119 97
679 1159 85
719 -1 115
719 39 115
719 79 116
719 119 115
719 159 116
719 199 116
719 239 116
719 279 115
719 319 115
719 359 116
719 399 115
719 439 115
719 479 114
719 519 117
719 559 117
719 599 117
719 639 117
719 679 116
719 719 115
719 759 114
719 799 114
719 839 112
719 879 113
719 919 110
719 959 107
719 999 106
719 1039 113
719 1079 110
719 1119 103
719 1159 105
759 -1 117
759 39 117
759 79 116
759 119 117
759 159 118
759 199 118
759 239 117
759 279 116
759 319 117
759 359 117
759 399 119
759 439 118
759 479 119
759 519 119
759 559 118
759 599 118
759 639 118
759 679 117
759 719 117
759 759 116
759 799 115
759 839 114
759 879 116
759 919 114
759 959 115
759 999 115
759 1039 115
759 1079 111
759 1119 108
759 1159 110
799 -1 119
799 39 119
799 79 119
799 119 119
799 159 119
799 199 119
799 239 121
799 279 120
799 319 121
799 359 121
799 399 121
799 439 122
799 479 121
799 519 121
799 559 120
799 599 120
799 639 119
799 679 120
799 719 120
799 759 120
799 799 119
799 839 117
799 879 117
799 919 117
799 959 120
799 999 121
799 1039 121
799 1079 119
799 1119 112
799 1159 115
839 -1 122
839 39 122
839 79 122
839 119 121
839 159 121
839 199 122
839 239 123
839 279 123
839 319 123
839 359 124
839 399 124
839 439 124
839 479 124
839 519 123
839 559 123
839 599 124
839 639 124
839 679 122
839 719 122
839 759 123
839 799 121
839 839 119
839 879 118
839 919 120
839 959 121
839 999 120
839 1039 119
839 1079 119
839 1119 118
839 1159 118
879 -1 123
879 39 124
879 79 123
879 119 123
879 159 123
879 199 123
879 239 124
879 279 124
879 319 125
879 359 124
879 399 124
879 439 124
879 479 124
879 519 124
879 559 123
879 599 123
879 639 123
879 679 122
879 719 121
879 759 123
879 799 121
879 839 121
879 879 121
879 919 121
879 959 120
879 999 120
879 1039 119
879 1079 119
879 1119 118
879 1159 118
919 -1 123
919 39 124
919 79 123
919 119 123
919 159 123
919 199 123
919 239 124
919 279 125
919 319 126
919 359 126
919 399 124
919 439 124
919 479 124
919 519 124
919 559 123
919 599 123
919 639 123
919 679 123
919 719 123
919 759 123
919 799 123
919 839 122
919 879 122
919 919 121
919 959 120
919 999 120
919 1039 119
919 1079 118
919 1119 118
919 1159 118
959 -1 123
959 39 123
959 79 122
959 119 123
959 159 123
959 199 124
959 239 124
959 279 125
959 319 126
959 359 126
959 399 125
959 439 125
959 479 126
959 519 126
959 559 125
959 599 125
959 639 126
959 679 125
959 719 125
959 759 124
959 799 124
959 839 123
959 879 123
959 919 122
959 959 121
959 999 120
959 1039 119
959 1079 119
959 1119 119
959 1159 119
999 -1 122
999 39 122
999 79 121
999 119 122
999 159 123
999 199 126
999 239 124
999 279 125
999 319 126
999 359 126
999 399 128
999 439 128
999 479 128
999 519 128
999 559 128
999 599 127
999 639 127
999 679 127
999 719 128
999 759 127
999 799 126
999 839 122
999 879 123
999 919 123
999 959 122
999 999 121
999 1039 121
999 1079 121
999 1119 121
999 1159 120
1039 -1 124
1039 39 124
1039 79 124
1039 119 122
1039 159 124
1039 199 126
1039 239 126
1039 279 126
1039 319 126
1039 359 126
1039 399 125
1039 439 125
1039 479 129
1039 519 129
1039 559 129
1039 599 128
1039 639 128
1039 679 128
1039 719 125
1039 759 128
1039 799 118
1039 839 120
1039 879 124
1039 919 123
1039 959 123
1039 999 123
1039 1039 124
1039 1079 124
1039 1119 123
1039 1159 123
1079 -1 121
1079 39 123
1079 79 123
1079 119 121
1079 159 122
1079 199 124
1079 239 122
1079 279 126
1079 319 126
1079 359 127
1079 399 127
1079 439 125
1079 479 127
1079 519 128
1079 559 127
1079 599 127
1079 639 127
1079 679 127
1079 719 127
1079 759 114
1079 799 115
1079 839 120
1079 879 119
1079 919 123
1079 959 123
1079 999 124
1079 1039 124
1079 1079 124
1079 1119 123
1079 1159 123
1119 -1 124
1119 39 123
1119 79 122
1119 119 121
1119 159 120
1119 199 120
1119 239 122
1119 279 122
1119 319 124
1119 359 122
1119 399 122
1119 439 122
1119 479 122
1119 519 122
1119 559 123
1119 599 124
1119 639 123
1119 679 121
1119 719 110
1119 759 110
1119 799 115
1119 839 119
1119 879 118
1119 919 119
1119 959 120
1119 999 120
1119 1039 123
1119 1079 124
1119 1119 124
1119 1159 123
1159 -1 127
1159 39 125
1159 79 123
1159 119 119
1159 159 118
1159 199 118
1159 239 117
1159 279 119
1159 319 120
1159 359 118
1159 399 119
1159 439 118
1159 479 118
1159 519 117
1159 559 118
1159 599 118
1159 639 117
1159 679 109
1159 719 107
1159 759 106
1159 799 105
1159 839 106
1159 879 107
1159 919 112
1159 959 115
1159 999 120
1159 1039 117
1159 1079 111
1159 1119 111
1159 1159 113
1199 -1 120
1199 39 120
1199 79 119
1199 119 117
1199 159 116
1199 199 115
1199 239 114
1199 279 116
1199 319 113
1199 359 114
1199 399 112
1199 439 111
1199 479 112
1199 519 111
1199 559 109
1199 599 109
1199 639 104
1199 679 105
1199 719 96
1199 759 106
1199 799 106
1199 839 103
1199 879 101
1199 919 95
1199 959 91
1199 999 96
1199 1039 100
1199 1079 104
1199 1119 105
1199 1159 106
1239 -1 118
1239 39 117
1239 79 116
1239 119 116
1239 159 117
1239 199 114
1239 239 115
1239 279 113
1239 319 112
1239 359 110
1239 399 109
1239 439 107
1239 479 105
1239 519 103
1239 559 99
1239 599 99
1239 639 98
1239 679 94
1239 719 92
1239 759 90
1239 799 88
1239 839 86
1239 879 84
1239 919 82
1239 959 81
1239 999 80
1239 1039 80
1239 1079 85
1239 1119 92
1239 1159 100
1279 -1 115
1279 39 116
1279 79 114
1279 119 114
1279 159 114
1279 199 113
1279 239 112
1279 279 110
1279 319 109
1279 359 107
1279 399 104
1279 439 102
1279 479 105
1279 519 102
1279 559 98
1279 599 100
1279 639 103
1279 679 95
1279 719 85
1279 759 85
1279 799 85
1279 839 84
1279 879 84
1279 919 83
1279 959 83
1279 999 82
1279 1039 82
1279 1079 80
1279 1119 78
1279 1159 78
1319 -1 112
1319 39 112
1319 79 111
1319 119 114
1319 159 113
1319 199 111
1319 239 108
1319 279 110
1319 319 109
1319 359 102
1319 399 101
1319 439 100
1319 479 98
1319 519 96
1319 559 91
1319 599 91
1319 639 100
1319 679 93
1319 719 85
1319 759 85
1319 799 84
1319 839 85
1319 879 84
1319 919 83
1319 959 83
1319 999 82
1319 1039 81
1319 1079 81
1319 1119 80
1319 1159 79
1359 -1 111
1359 39 111
1359 79 110
1359 119 111
1359 159 110
1359 199 111
1359 239 108
1359 279 106
1359 319 108
1359 359 104
1359 399 101
1359 439 100
1359 479 100
1359 519 98
1359 559 84
1359 599 85
1359 639 97
1359 679 91
1359 719 84
1359 759 83
1359 799 83
1359 839 90
1359 879 94
1359 919 91
1359 959 91
1359 999 89
1359 1039 82
1359 1079 81
1359 1119 80
1359 1159 80
1399 -1 109
1399 39 109
1399 79 110
1399 119 110
1399 159 109
1399 199 105
1399 239 109
1399 279 109
1399 319 108
1399 359 108
1399 399 107
1399 439 107
1399 479 105
1399 519 101
1399 559 97
1399 599 97
1399 639 93
1399 679 89
1399 719 83
1399 759 83
1399 799 83
1399 839 95
1399 879 94
1399 919 95
1399 959 97
1399 999 96
1399 1039 96
1399 1079 96
1399 1119 96
1399 1159 94
1439 -1 107
1439 39 106
1439 79 108
1439 119 106
1439 159 108
1439 199 109
1439 239 110
1439 279 109
1439 319 108
1439 359 108
1439 399 107
1439 439 106
1439 479 105
1439 519 102
1439 559 100
1439 599 97
1439 639 88
1439 679 85
1439 719 83
1439 759 84
1439 799 86
1439 839 95
1439 879 95
1439 919 97
1439 959 97
1439 999 97
1439 1039 97
1439 1079 99
1439 1119 97
1439 1159 96
1479 -1 107
1479 39 106
1479 79 105
1479 119 105
1479 159 107
1479 199 109
1479 239 109
1479 279 109
1479 319 108
1479 359 107
1479 399 106
1479 439 105
1479 479 101
1479 519 99
1479 559 98
1479 599 96
1479 639 84
1479 679 84
1479 719 83
1479 759 84
1479 799 85
1479 839 95
1479 879 95
1479 919 96
1479 959 98
1479 999 97
1479 1039 98
1479 1079 97
1479 1119 100
1479 1159 97
1519 -1 107
1519 39 105
1519 79 104
1519 119 104
1519 159 103
1519 199 108
1519 239 109
1519 279 109
1519 319 109
1519 359 105
1519 399 102
1519 439 102
1519 479 100
1519 519 96
1519 559 88
1519 599 83
1519 639 81
1519 679 81
1519 719 82
1519 759 84
1519 799 87
1519 839 90
1519 879 93
1519 919 96
1519 959 98
1519 999 98
1519 1039 98
1519 1079 101
1519 1119 98
1519 1159 96
1559 -1 107
1559 39 105
1559 79 103
1559 119 103
1559 159 104
1559 199 104
1559 239 104
1559 279 104
1559 319 105
1559 359 106
1559 399 106
1559 439 105
1559 479 105
1559 519 101
1559 559 102
1559 599 92
1559 639 80
1559 679 80
1559 719 81
1559 759 87
1559 799 88
1559 839 90
1559 879 98
1559 919 98
1559 959 98
1559 999 99
1559 1039 99
1559 1079 99
1559 1119 98
1559 1159 96
1599 -1 106
